选择一个规则，复制进控制台，按回车即可。(参考来源详见链接，执行不要复制)

*  https://introcs.cs.princeton.edu/java/22library/barnsley.txt
* Barnsley's original black spleenwort fern
4
   0.01  0.85  0.07  0.07
4 3
   0.00  0.00  0.500
   0.85  0.04  0.075
   0.20 -0.26  0.400
  -0.15  0.28  0.575
4 3
   0.00  0.16  0.000
  -0.04  0.85  0.180
   0.23  0.22  0.045
   0.26  0.24 -0.086
*  https://introcs.cs.princeton.edu/java/22library/binary.txt
* pattern from Fractint
3
   0.3333  0.3333  0.3334
3 3
   0.5  0.0 -0.0063477
   0.5  0.0  0.4936544
   0.0 -0.5  0.9873085
3 3
   0.0  0.5 -0.0000003
   0.0  0.5 -0.0000003
   0.5  0.0  0.5063492
*  https://introcs.cs.princeton.edu/java/22library/culcita.txt
4
  0.0200 0.8400 0.0700 0.0700
4 3
   0.000  0.000  0.500
   0.850  0.020  0.075
   0.090 -0.280  0.455
  -0.090  0.280  0.545
4 3
   0.000  0.250 -0.014
  -0.020  0.830  0.110
   0.300  0.110 -0.090
   0.300  0.090 -0.080
*  https://introcs.cs.princeton.edu/java/22library/cyclosorus.txt
4
  0.02 0.84 0.07 0.07
4 3
   0.000  0.000  0.500
   0.950  0.005  0.025
   0.035 -0.200  0.474
  -0.040  0.200  0.528
4 3
   0.000  0.250 -0.040
  -0.005  0.930  0.053
   0.160  0.040 -0.078
   0.160  0.040 -0.068
*  https://introcs.cs.princeton.edu/java/22library/dragon.txt
* pattern from Fractint
2
   0.787473  0.212527
2 3
   0.824074  0.281482 -0.1002660
   0.088272  0.520988  0.5344000
2 3
  -0.212346  0.864198  0.0951123
  -0.463889 -0.377778  1.0415240
*  https://introcs.cs.princeton.edu/java/22library/fern-sedgewick.txt
4
  0.02 0.15 0.13 0.70
4 3
  0.000  0.000  0.500
 -0.139  0.263  0.570
  0.170 -0.215  0.408
  0.781  0.034  0.1075
4 3
  0.000  0.270  0.000
  0.246  0.224 -0.036
  0.222  0.176  0.0893
 -0.032  0.739  0.270
*  https://introcs.cs.princeton.edu/java/22library/fishbone.txt
4
  0.0200 0.8400 0.0700 0.0700
4 3
   0.000  0.000  0.500
   0.950  0.002  0.025
   0.035 -0.110  0.478
  -0.040  0.110  0.525
4 3
   0.000  0.250 -0.040
  -0.002  0.930  0.051
   0.270  0.010 -0.135
   0.270  0.010 -0.129
*  https://introcs.cs.princeton.edu/java/22library/floor.txt
3
   0.3333  0.3333  0.3334
3 3
   0.0 -0.5  0.3267634
   0.5  0.0  0.2472109
   0.0  0.5  0.6620804
3 3
   0.5  0.0  0.0866182
   0.0  0.5  0.5014877
  -0.5  0.0  0.5810401
*  https://introcs.cs.princeton.edu/java/22library/koch.txt
5
   0.151515  0.253788  0.253788  0.151515  0.189394
5 3
   0.307692 -0.000000  0.7580704
   0.192308 -0.205882  0.3349620
   0.192308  0.205882  0.4707040
   0.307692 -0.000000 -0.0674990
   0.307692 -0.000000  0.3453822
5 3
   0.000000  0.294118  0.1604278
   0.653846  0.088235  0.2709686
  -0.653846  0.088235  0.9231744
   0.000000  0.294118  0.1604278
   0.000000 -0.294118  0.2941176
*  https://introcs.cs.princeton.edu/java/22library/sierpinski.txt
3
  0.33 0.33 0.34
3 3
  0.50 0.00 0.00
  0.50 0.00 0.50
  0.50 0.00 0.25
3 3
  0.00 0.50 0.000
  0.00 0.50 0.000
  0.00 0.50 0.433
*  https://introcs.cs.princeton.edu/java/22library/spiral.txt
3
   0.895652  0.052174  0.052174
3 3
   0.787879 -0.424242  0.2819252
  -0.121212  0.257576 -0.1115594
   0.181818 -0.136364  1.0177017
3 3
   0.242424  0.859848  0.0195945
   0.151515  0.053030  0.0619661
   0.090909  0.181818  0.1113490
*  https://introcs.cs.princeton.edu/java/22library/swirl.txt
2
   0.9126750  0.0873250
2 3
   0.745455 -0.459091  0.2733004
  -0.424242 -0.065152  1.0930777
2 3
   0.406061  0.887121 -0.1339233
  -0.175758 -0.218182  0.7620266
*  https://introcs.cs.princeton.edu/java/22library/tree.txt
6
   0.1  0.1  0.2  0.2  0.2  0.2
6 3
   0.00  0.00  0.550
  -0.05  0.00  0.525
   0.46 -0.15  0.270
   0.47 -0.15  0.265
   0.43  0.28  0.285
   0.42  0.26  0.290
6 3
   0.00  0.60  0.000
  -0.50  0.00  0.750
   0.39  0.38  0.105
   0.17  0.42  0.465
  -0.25  0.45  0.625
  -0.35  0.31  0.525
*  https://introcs.cs.princeton.edu/java/22library/zigzag.txt
2
   0.888128  0.111872
2 3
  -0.632407 -0.614815  1.2002857
  -0.036111  0.444444  0.7251636
2 3
  -0.545370  0.659259  0.4009171
   0.210185  0.037037  0.7279627
